version https://git-lfs.github.com/spec/v1
oid sha256:46784dae9e4902690250548c57e426442926098b72bb20218407cc0eda328abd
size 422515952
